# NFW フィット結果 (全 13 ビン)
# Bin  E_center[GeV]  A[M_sun^2 kpc^-5 / count]  sigma_A  S/N
  1       1.51  -1.5909e-16  1.3517e-16  -1.177
  2       2.55  -1.5838e-16  6.8633e-17  -2.308
  3       4.31  -7.5030e-17  3.2888e-17  -2.281
  4       7.28  -3.8697e-17  1.6365e-17  -2.365
  5      12.29  -1.1723e-17  8.7517e-18  -1.340
  6      20.76  +1.2283e-18  5.0690e-18  +0.242
  7      35.06  -2.0277e-18  3.1673e-18  -0.640
  8      59.22  -2.1058e-18  2.0394e-18  -1.033
  9     100.02  -1.9062e-18  1.2992e-18  -1.467
 10     168.93  +9.8778e-19  8.8379e-19  +1.118
 11     285.33  -4.5305e-19  5.9830e-19  -0.757
 12     481.93  +1.7333e-19  4.1201e-19  +0.421
 13     814.00  -5.6379e-20  2.8882e-19  -0.195
