# Totani (2025) Fig11-13 相当 マップ生成 サマリ (2026-07-13, MCMCベース再生成)
# Bin  E_center[GeV]  f_halo(中央値)  有意度[σ](符号=f_halo符号)  point_source_masked
   6      20.76  +6.6537e-01  +8.733  1375
   1       1.51  -2.9306e+02  -22.659  1375
   2       2.55  -7.7344e+01  -17.508  1375
   3       4.31  -3.0855e+01  -15.315  1375
   5      12.29  +6.1954e-01  +8.707  1375
   7      35.06  +2.5776e-01  +4.011  1375
   8      59.22  +5.8393e-02  +3.159  1375
   9     100.02  +8.3072e-03  +1.345  1375
  10     168.93  +1.0931e-03  +1.143  1375
