# NFW 3プロファイル(rho^2.5 / rho^2 / rho^1) フィット結果 (全13ビン)
# Totani (2025) Fig 8 相当 (構造比較。振幅Aの単位はプロファイル依存の
# count-based arbitrary unit のため、プロファイル間で直接比較不可)
# Bin  E_center[GeV]   A(n=2.5)       sigma_A       S/N   A(n=2.0)       sigma_A       S/N   A(n=1.0)       sigma_A       S/N
  1       1.51  +1.364e-19  2.284e-20   +5.971  -1.591e-16  1.352e-16   -1.177  -5.215e-08  2.799e-09  -18.635
  2       2.55  +6.397e-20  1.156e-20   +5.535  -1.584e-16  6.863e-17   -2.308  -2.958e-08  1.422e-09  -20.799
  3       4.31  +3.314e-20  5.526e-21   +5.998  -7.503e-17  3.289e-17   -2.281  -1.468e-08  6.827e-10  -21.509
  4       7.28  +1.615e-20  2.751e-21   +5.871  -3.870e-17  1.637e-17   -2.365  -7.253e-09  3.394e-10  -21.369
  5      12.29  +1.003e-20  1.473e-21   +6.807  -1.172e-17  8.752e-18   -1.340  -3.552e-09  1.813e-10  -19.591
  6      20.76  +6.238e-21  8.580e-22   +7.270  +1.228e-18  5.069e-18   +0.242  -1.653e-09  1.046e-10  -15.795
  7      35.06  +2.701e-21  5.399e-22   +5.002  -2.028e-18  3.167e-18   -0.640  -8.407e-10  6.478e-11  -12.979
  8      59.22  +1.068e-21  3.494e-22   +3.056  -2.106e-18  2.039e-18   -1.033  -4.289e-10  4.152e-11  -10.331
  9     100.02  +2.683e-22  2.234e-22   +1.201  -1.906e-18  1.299e-18   -1.467  -1.967e-10  2.635e-11   -7.462
 10     168.93  +4.297e-22  1.522e-22   +2.824  +9.878e-19  8.838e-19   +1.118  -4.988e-11  1.792e-11   -2.783
 11     285.33  -1.499e-24  1.031e-22   -0.015  -4.531e-19  5.983e-19   -0.757  -3.255e-11  1.212e-11   -2.686
 12     481.93  +7.056e-23  7.100e-23   +0.994  +1.733e-19  4.120e-19   +0.421  -7.204e-12  8.343e-12   -0.863
 13     814.00  -9.574e-24  4.978e-23   -0.192  -5.638e-20  2.888e-19   -0.195  -2.232e-12  5.848e-12   -0.382
