    エネルギー[GeV]         Draco      Sculptor    Ursa Minor       Segue 1  Coma Berenic           LMC           SMC           M31           M33
          1.51        +0.54         -0.34         +0.42         +0.38         +0.16         -2.27         +0.29         -6.39         -2.66 
          2.55        -1.38         +0.63         +0.53         -0.69         +1.34         -1.13         -1.05         -5.27         -3.07 
          4.31        +0.27         -0.37         -0.32         -0.01         +1.76         +0.06         -1.47         -2.42         -2.03 
          7.28        -0.67         +0.75         +1.01         -1.82         -0.96         +0.06         -0.31         -0.11         +2.48 
         12.29        -0.94         +0.57         +1.00         +1.20         +0.12         -0.77         -1.05         +0.41         -0.74 
         20.76        -1.86         -0.21         +0.91         -0.33         -1.16         -0.13         -1.45         -0.41         -1.37 
         35.06        +0.89         -0.29         -0.13         -0.13         -0.33         -0.76         -1.36         -0.03         +0.45 
         59.22        -0.10         -1.60         -0.30         -1.62         +0.42         -1.55         -1.13         +1.76         -0.44 
        100.02        +0.29         -0.89         -0.15         -0.99         +0.49         +1.65         +0.09         +0.29         +0.15 
        168.93        -1.50         +1.07         -1.18         +1.34         -0.44         +0.75         +0.02         +1.96         -1.21 
        285.33        -0.79         -0.97*        -1.71         -0.49*        +0.20         -1.24         +1.34         +0.02         -0.79 
        481.93        -0.51*        -0.83*        -0.27*        -0.16*        -1.02*        -1.54*        +0.90*        +0.40*        -1.48*
        814.00        -0.75*        -0.41*        -0.83*        +0.00*        -0.28*        +0.00*        -0.21*        -1.69*        +0.00*
* = ROI 内の事象数が 20 未満 (統計的に意味が無い)
