    エネルギー[GeV]           LMC           SMC           M31           M33
          1.51        -1.90         +0.66         -5.35         -3.97 
          2.55        -1.15         -0.99         -5.82         -1.58 
          4.31        -0.09         -1.24         -4.15         +0.09 
          7.28        +0.03         -0.12         -0.48         +1.99 
         12.29        -0.65         -0.99         +0.12         -0.60 
         20.76        -0.00         -1.52         -1.77         +0.39 
         35.06        -0.58         -1.36         -0.85         -0.65 
         59.22        -1.42         -1.37         -0.17         +0.66 
        100.02        +1.78         +0.04         -0.06         -0.22 
        168.93        +1.24         +0.18         +0.38         -1.00 
        285.33        -1.31         +1.35         -0.16         -0.66 
        481.93        -1.75*        +0.98*        +2.35*        -1.43*
        814.00        +0.00*        -0.28*        -1.65*        +0.00*
* = ROI 内の事象数が 20 未満 (統計的に意味が無い)
