# GALPROP vs 指数関数近似の偏差
# E_center[GeV]  GALPROP_mean[cm-2s-1sr-1MeV-1]  Approx_mean[cm-2s-1sr-1MeV-1]  Deviation[%]  b0[deg]
    1.51  1.1954e-09  1.2335e-09    +3.18  15.71
    2.55  3.4425e-10  3.5566e-10    +3.31  15.90
    4.31  9.7798e-11  1.0132e-10    +3.60  16.20
    7.28  2.5046e-11  2.6027e-11    +3.92  16.67
   12.29  6.2750e-12  6.5471e-12    +4.34  17.23
   20.76  1.6096e-12  1.6870e-12    +4.81  17.89
   35.06  4.2462e-13  4.4714e-13    +5.30  18.63
   59.22  1.1134e-13  1.1809e-13    +6.06  19.68
  100.02  2.9778e-14  3.1854e-14    +6.97  20.89
  168.93  7.9090e-15  8.5652e-15    +8.30  22.59
  285.33  2.0181e-15  2.2493e-15   +11.46  25.57
  481.93  5.2206e-16  6.0485e-16   +15.86  29.83
  814.00  1.3741e-16  1.6749e-16   +21.89  36.02
