1 18.152 18.152 | best -157.511 -157.511 | b2000 -179.941 -120.861 | b400new -166.773 -12.934 | b400old -166.773 -12.934
2 0.0 0.0 | best 0.205 0.205 | b2000 -29.67 5.104 | b400new -29.225 7.396 | b400old -29.225 7.396
3 9.513 9.513 | best 11.967 11.967 | b2000 10.386 13.447 | b400new 10.697 19.002 | b400old 10.697 19.002
4 17.229 17.229 | best 8.715 8.715 | b2000 8.067 9.148 | b400new 7.273 9.382 | b400old 7.273 9.382
5 20.219 20.219 | best 3.956 3.956 | b2000 3.82 4.199 | b400new 3.771 4.386 | b400old 3.771 4.386
6 19.452 19.452 | best 1.513 1.513 | b2000 1.421 1.578 | b400new 1.429 1.61 | b400old 1.429 1.61
7 15.336 15.336 | best 0.487 0.487 | b2000 0.445 0.51 | b400new 0.444 0.518 | b400old 0.444 0.518
8 11.115 11.115 | best 0.13 0.13 | b2000 0.119 0.141 | b400new 0.118 0.143 | b400old 0.118 0.143
9 7.86 7.86 | best 0.038 0.038 | b2000 0.03 0.039 | b400new 0.03 0.04 | b400old 0.03 0.04
10 6.284 6.284 | best 0.011 0.011 | b2000 0.009 0.012 | b400new 0.009 0.012 | b400old 0.009 0.012
11 2.728 2.728 | best 0.001 0.001 | b2000 0.001 0.002 | b400new 0.001 0.002 | b400old 0.001 0.002
12 1.609 1.609 | best 0.0 0.0 | b2000 0.0 0.0 | b400new 0.0 0.0 | b400old 0.0 0.0
13 1.139 1.139 | best 0.0 0.0 | b2000 -0.0 0.0 | b400new -0.0 0.0 | b400old -0.0 0.0
